# File generated by CMD 3.8 (http://stev.oapd.inaf.it/cmd) on Fri Nov 14 10:26:02 UTC 2025
# isochrones based on PARSEC release v1.2S +  COLIBRI S_37 + S_35 + PR16
# Basic references: Bressan et al. (2012), MNRAS, 427, 127 + Chen et al. (2014, 2015), MNRAS, 444, 2525 + MNRAS, 452, 1068 + Tang et al. (2014), MNRAS, 445, 4287 + Marigo et al. (2017), ApJ, 835, 77 + Pastorelli al. (2019), MNRAS, 485, 5666 + Pastorelli al. (2020), MNRAS, in press
# Thermal pulse cycles included 
# On RGB, assumed Reimers mass loss with efficiency eta=0.2
# LPV periods and growth rates added cf. Trabucchi et al. (2019)
# but fundamental-mode LPV periods + transition are from Trabucchi et al. (2021)
# Photometric system: DECAM (ABmags)
# Using YBC version of bolometric corrections as in Chen et al. (2019)
# O-rich circumstellar dpmod60alox40 dust from Groenewegen (2006)
# C-rich circumstellar AMCSIC15 dust from Groenewegen (2006)
# IMF: Kroupa (2001, 2002) + Kroupa et al. (2013) canonical two-part-power law IMF corrected for unresolved binaries 
# Kind of output: isochrone tables
# Zini     MH   logAge Mini        int_IMF         Mass   logL    logTe  logg  label   McoreTP C_O  period0  period1  period2  period3  period4  pmode  Mloss  tau1m   X   Y   Xc  Xn  Xo  Cexcess  Z 	 mbolmag  umag    gmag    rmag    imag    zmag    Ymag
9.8116e-05 -2.19174 10.11394 0.1000000015 1.1711064122    0.100 -2.779  3.5589  5.405    1  0.000  0.545     0.00     0.00     0.00     0.00     0.00 -1 -1.31e-16      0.00 7.448e-01 2.551e-01 1.798e-05 4.851e-06 4.400e-05 -1.000 1.001e-04 11.718 15.907 13.640 12.089 11.448 11.152 11.054
9.8116e-05 -2.19174 10.11394 0.1098214313 1.2482754908    0.109 -2.631  3.5742  5.356    1  0.000  0.545     0.00     0.00     0.00     0.00     0.00 -1 -1.87e-16      0.00 7.429e-01 2.570e-01 1.798e-05 4.851e-06 4.400e-05 -1.000 9.996e-05 11.346 15.172 13.058 11.628 11.084 10.811 10.718
9.8116e-05 -2.19174 10.11394 0.1294642836 1.3786745408    0.129 -2.388  3.5967  5.276    1  0.000  0.545     0.00     0.00     0.00     0.00     0.00 -1  -3.3e-16      0.00 7.397e-01 2.602e-01 1.798e-05 4.851e-06 4.400e-05 -1.000 1.000e-04 10.740 14.047 12.176 10.938 10.481 10.242 10.158
9.8116e-05 -2.19174 10.11394 0.1491071582 1.4855959672    0.149 -2.224  3.6080  5.219    1  0.000  0.545     0.00     0.00     0.00     0.00     0.00 -1 -2.45e-16      0.00 7.377e-01 2.622e-01 1.798e-05 4.851e-06 4.400e-05 -1.000 1.000e-04 10.331 13.399 11.642 10.495 10.070 9.847 9.769
9.8116e-05 -2.19174 10.11394 0.1687500030 1.5756139920    0.168 -2.098  3.6153  5.174    1  0.000  0.545     0.00     0.00     0.00     0.00     0.00 -1 -6.34e-16      0.00 7.369e-01 2.630e-01 1.798e-05 4.851e-06 4.400e-05 -1.000 9.993e-05 10.014 12.937 11.251 10.158 9.752 9.540 9.466
9.8116e-05 -2.19174 10.11394 0.2080357224 1.7204495903    0.207 -1.894  3.6262  5.106    1  0.000  0.545     0.00     0.00     0.00     0.00     0.00 -1 -9.86e-16      0.00 7.366e-01 2.633e-01 1.798e-05 4.851e-06 4.400e-05 -1.000 1.000e-04 9.506 12.222 10.636 9.620 9.241 9.044 8.976
9.8116e-05 -2.19174 10.11394 0.2571428716 1.8581268277    0.257 -1.707  3.6363  5.051    1  0.000  0.545     0.00     0.00     0.00     0.00     0.00 -1 -1.06e-15      0.00 7.369e-01 2.630e-01 1.798e-05 4.852e-06 4.400e-05 -1.000 1.000e-04 9.038 11.573 10.076 9.125 8.769 8.587 8.524
9.8116e-05 -2.19174 10.11394 0.3062500358 1.9652636675    0.306 -1.562  3.6447  5.016    1  0.000  0.545     0.00     0.00     0.00     0.00     0.00 -1  -1.6e-15      0.00 7.368e-01 2.631e-01 1.797e-05 4.852e-06 4.400e-05 -1.000 1.000e-04 8.675 11.069 9.642 8.740 8.404 8.233 8.176
9.8116e-05 -2.19174 10.11394 0.3553571403 2.0521113302    0.355 -1.440  3.6526  4.990    1  0.000  0.544     0.00     0.00     0.00     0.00     0.00 -1 -2.38e-15      0.00 7.378e-01 2.621e-01 1.796e-05 4.853e-06 4.400e-05 -1.000 1.000e-04 8.369 10.635 9.273 8.414 8.095 7.935 7.882
9.8116e-05 -2.19174 10.11394 0.4044643044 2.1246090444    0.404 -1.317  3.6611  4.958    1  0.000  0.545     0.00     0.00     0.00     0.00     0.00 -1 -3.16e-15      0.00 7.500e-01 2.499e-01 1.798e-05 4.851e-06 4.400e-05 -1.000 1.000e-04 8.062 10.195 8.903 8.089 7.787 7.638 7.590
9.8116e-05 -2.19174 10.11394 0.4535714388 2.1864813481    0.453 -1.169  3.6745  4.913    1  0.000  0.545     0.00     0.00     0.00     0.00     0.00 -1 -4.42e-15      0.00 7.507e-01 2.492e-01 1.798e-05 4.851e-06 4.400e-05 -1.000 9.999e-05 7.693 9.619 8.441 7.695 7.420 7.289 7.247
9.8116e-05 -2.19174 10.11394 0.5026785731 2.2401984691    0.503 -1.003  3.6893  4.852    1  0.000  0.545     0.00     0.00     0.00     0.00     0.00 -1  -6.6e-15      0.00 7.528e-01 2.471e-01 1.785e-05 4.815e-06 4.368e-05 -1.000 9.999e-05 7.278 8.993 7.935 7.258 7.012 6.899 6.866
9.8116e-05 -2.19174 10.11394 0.5517857671 2.2851312492    0.551 -0.798  3.7090  4.765    1  0.000  0.544     0.00     0.00     0.00     0.00     0.00 -1 -1.12e-14      0.00 7.879e-01 2.120e-01 1.547e-05 4.177e-06 3.790e-05 -1.000 9.759e-05 6.764 8.226 7.317 6.726 6.517 6.428 6.404
9.8116e-05 -2.19174 10.11394 0.6008928418 2.3217254164    0.600 -0.585  3.7344  4.692    1  0.000  0.544     0.00     0.00     0.00     0.00     0.00 -1  -1.9e-14      0.00 8.019e-01 1.981e-01 1.456e-05 3.935e-06 3.572e-05 -1.000 6.896e-05 6.234 7.429 6.679 6.189 6.024 5.965 5.953
9.8116e-05 -2.19174 10.11394 0.6042632461 2.3239873790    0.604 -0.570  3.7364  4.687    1  0.000  0.543     0.00     0.00     0.00     0.00     0.00 -1 -1.97e-14      0.00 8.030e-01 1.969e-01 1.449e-05 3.915e-06 3.554e-05 -1.000 1.000e-04 6.195 7.372 6.633 6.150 5.989 5.932 5.921
9.8116e-05 -2.19174 10.11394 0.6139274836 2.3303152222    0.614 -0.525  3.7423  4.672    1  0.000  0.543     0.00     0.00     0.00     0.00     0.00 -1  -2.2e-14      0.00 8.066e-01 1.934e-01 1.425e-05 3.853e-06 3.499e-05 -1.000 7.801e-05 6.083 7.209 6.501 6.040 5.888 5.837 5.829
9.8116e-05 -2.19174 10.11394 0.6233114600 2.3362441203    0.623 -0.481  3.7479  4.657    1  0.000  0.543     0.00     0.00     0.00     0.00     0.00 -1 -2.46e-14      0.00 8.102e-01 1.898e-01 1.403e-05 3.792e-06 3.444e-05 -1.000 5.236e-05 5.973 7.053 6.373 5.933 5.791 5.747 5.741
9.8116e-05 -2.19174 10.11394 0.6343692541 2.3429723026    0.634 -0.429  3.7545  4.639    1  0.000  0.543     0.00     0.00     0.00     0.00     0.00 -1 -2.99e-19      0.00 8.146e-01 1.853e-01 1.374e-05 3.715e-06 3.375e-05 -1.000 7.083e-05 5.842 6.871 6.221 5.807 5.677 5.639 5.635
9.8116e-05 -2.19174 10.11394 0.6441747546 2.3487168355    0.644 -0.382  3.7602  4.621    1  0.000  0.542     0.00     0.00     0.00     0.00     0.00 -1 -4.56e-16      0.00 8.188e-01 1.811e-01 1.347e-05 3.644e-06 3.311e-05 -1.000 4.183e-05 5.725 6.711 6.087 5.694 5.573 5.542 5.540
9.8116e-05 -2.19174 10.11394 0.6499999762 2.3520353107    0.650 -0.353  3.7635  4.610    1  0.000  0.542     0.00     0.00     0.00     0.00     0.00 -1 -3.41e-14      0.00 8.214e-01 1.785e-01 1.330e-05 3.599e-06 3.272e-05 -1.000 1.000e-04 5.654 6.619 6.007 5.627 5.511 5.483 5.483
9.8116e-05 -2.19174 10.11394 0.6537171006 2.3541173483    0.653 -0.335  3.7655  4.603    1  0.000  0.542     0.00     0.00     0.00     0.00     0.00 -1 -3.58e-14      0.00 8.234e-01 1.765e-01 1.317e-05 3.564e-06 3.240e-05 -1.000 1.000e-04 5.608 6.560 5.956 5.583 5.471 5.445 5.446
9.8116e-05 -2.19174 10.11394 0.6632332802 2.3593254610    0.663 -0.287  3.7708  4.582    1  0.000  0.542     0.00     0.00     0.00     0.00     0.00 -1 -4.06e-14      0.00 8.289e-01 1.710e-01 1.281e-05 3.470e-06 3.155e-05 -1.000 9.991e-05 5.488 6.408 5.824 5.469 5.365 5.344 5.347
9.8116e-05 -2.19174 10.11394 0.6723176837 2.3641394099    0.672 -0.240  3.7757  4.560    1  0.000  0.541     0.00     0.00     0.00     0.00     0.00 -1 -4.61e-14      0.00 8.345e-01 1.654e-01 1.246e-05 3.374e-06 3.069e-05 -1.000 9.999e-05 5.370 6.263 5.695 5.357 5.261 5.244 5.249
9.8116e-05 -2.19174 10.11394 0.6803793907 2.3682878418    0.680 -0.197  3.7801  4.540    1  0.000  0.541     0.00     0.00     0.00     0.00     0.00 -1 -2.17e-20      0.00 8.398e-01 1.602e-01 1.212e-05 3.283e-06 2.988e-05 -1.000 5.753e-05 5.262 6.131 5.577 5.254 5.165 5.152 5.158
9.8116e-05 -2.19174 10.11394 0.6881900430 2.3722006646    0.688 -0.153  3.7843  4.518    1  0.000  0.540     0.00     0.00     0.00     0.00     0.00 -1 -8.76e-18      0.00 8.451e-01 1.548e-01 1.177e-05 3.192e-06 2.906e-05 -1.000 2.754e-05 5.153 6.001 5.458 5.151 5.068 5.060 5.067
9.8116e-05 -2.19174 10.11394 0.6974349022 2.3767019689    0.697 -0.099  3.7893  4.489    1  0.000  0.540     0.00     0.00     0.00     0.00     0.00 -1 -1.01e-14      0.00 8.516e-01 1.484e-01 1.136e-05 3.083e-06 2.808e-05 -1.000 5.750e-05 5.018 5.841 5.311 5.021 4.947 4.944 4.953
9.8116e-05 -2.19174 10.11394 0.6999999881 2.3779266974    0.700 -0.084  3.7906  4.481    1  0.000  0.540     0.00     0.00     0.00     0.00     0.00 -1 -7.09e-14      0.00 8.533e-01 1.466e-01 1.125e-05 3.053e-06 2.781e-05 -1.000 8.170e-05 4.979 5.796 5.269 4.984 4.912 4.910 4.920
9.8116e-05 -2.19174 10.11394 0.7017223239 2.3787432700    0.701 -0.073  3.7915  4.475    1  0.000  0.539     0.00     0.00     0.00     0.00     0.00 -1 -7.31e-14      0.00 8.542e-01 1.457e-01 1.120e-05 3.040e-06 2.770e-05 -1.000 9.641e-05 4.953 5.766 5.241 4.959 4.888 4.887 4.897
9.8116e-05 -2.19174 10.11394 0.7099218965 2.3825683487    0.709 -0.020  3.7956  4.444    1  0.000  0.537     0.00     0.00     0.00     0.00     0.00 -1  -8.5e-14      0.00 8.581e-01 1.419e-01 1.099e-05 2.991e-06 2.728e-05 -1.000 6.245e-05 4.821 5.617 5.099 4.832 4.768 4.771 4.782
9.8116e-05 -2.19174 10.11394 0.7169615626 2.3857721870    0.716  0.028  3.7991  4.414    1  0.000  0.535     0.00     0.00     0.00     0.00     0.00 -1 -9.76e-14      0.00 8.610e-01 1.389e-01 1.083e-05 2.955e-06 2.697e-05 -1.000 2.553e-05 4.701 5.482 4.971 4.716 4.657 4.664 4.676
9.8116e-05 -2.19174 10.11394 0.7237792611 2.3888067861    0.723  0.077  3.8023  4.381    1  0.000  0.534     0.00     0.00     0.00     0.00     0.00 -1 -4.75e-14      0.00 8.636e-01 1.363e-01 1.070e-05 2.925e-06 2.672e-05 -1.000 9.999e-05 4.576 5.345 4.838 4.594 4.541 4.551 4.564
9.8116e-05 -2.19174 10.11394 0.7305953503 2.3917756520    0.730  0.131  3.8054  4.343    1  0.000  0.532     0.00     0.00     0.00     0.00     0.00 -1 -2.25e-19      0.00 8.659e-01 1.340e-01 1.058e-05 2.899e-06 2.649e-05 -1.000 9.999e-05 4.442 5.198 4.695 4.462 4.414 4.427 4.441
9.8116e-05 -2.19174 10.11394 0.7384688258 2.3951267506    0.738  0.200  3.8087  4.293    1  0.000  0.531     0.00     0.00     0.00     0.00     0.00 -1 -2.34e-17      0.00 8.683e-01 1.316e-01 1.046e-05 2.875e-06 2.628e-05 -1.000 6.296e-05 4.270 5.013 4.513 4.293 4.251 4.267 4.282
9.8116e-05 -2.19174 10.11394 0.7458256483 2.3981845312    0.745  0.272  3.8113  4.235    1  0.000  0.529     0.00     0.00     0.00     0.00     0.00 -1 -8.34e-15      0.00 8.704e-01 1.295e-01 1.036e-05 2.852e-06 2.610e-05 -1.000 6.710e-05 4.090 4.823 4.325 4.114 4.077 4.096 4.112
9.8116e-05 -2.19174 10.11394 0.7500000000 2.3998889087    0.749  0.316  3.8124  4.198    1  0.000  0.528     0.00     0.00     0.00     0.00     0.00 -1 -2.38e-13      0.00 8.713e-01 1.286e-01 1.032e-05 2.843e-06 2.603e-05 -1.000 1.000e-04 3.979 4.707 4.209 4.003 3.968 3.988 4.004
9.8116e-05 -2.19174 10.11394 0.7525971532 2.4009383545    0.752  0.344  3.8132  4.174    1  0.000  0.528     0.00     0.00     0.00     0.00     0.00 -1  -2.6e-13      0.00 8.708e-01 1.291e-01 1.037e-05 2.857e-06 2.616e-05 -1.000 1.000e-04 3.909 4.634 4.136 3.933 3.900 3.920 3.937
9.8116e-05 -2.19174 10.11394 0.7566770315 2.4025702157    0.756  0.393  3.8137  4.131    1  0.000  0.528     0.00     0.00     0.00     0.00     0.00 -1 -3.05e-13      0.00 8.695e-01 1.304e-01 1.047e-05 2.886e-06 2.642e-05 -1.000 1.001e-04 3.789 4.511 4.012 3.812 3.780 3.801 3.817
9.8116e-05 -2.19174 10.11394 0.7580728531 2.4031238780    0.757  0.411  3.8134  4.111    1  0.000  0.528     0.00     0.00     0.00     0.00     0.00 -1 -3.25e-13      0.00 8.691e-01 1.308e-01 1.051e-05 2.896e-06 2.651e-05 -1.000 1.000e-04 3.742 4.464 3.965 3.765 3.732 3.753 3.769
9.8116e-05 -2.19174 10.11394 0.7618665695 2.4046169012    0.761  0.466  3.8114  4.051    1  0.000  0.528     0.00     0.00     0.00     0.00     0.00 -1 -3.93e-13      0.00 8.679e-01 1.320e-01 1.060e-05 2.922e-06 2.675e-05 -1.000 1.000e-04 3.606 4.333 3.831 3.626 3.591 3.610 3.625
9.8116e-05 -2.19174 10.11394 0.7645221353 2.4056518708    0.763  0.508  3.8087  3.999    1  0.000  0.528     0.00     0.00     0.00     0.00     0.00 -1 -4.61e-13      0.00 8.671e-01 1.328e-01 1.067e-05 2.941e-06 2.692e-05 -1.000 1.000e-04 3.499 4.234 3.728 3.516 3.477 3.493 3.507
9.8116e-05 -2.19174 10.11394 0.7650885582 2.4058715574    0.764  0.518  3.8080  3.987    1  0.000  0.528     0.00     0.00     0.00     0.00     0.00 -1 -4.78e-13      0.00 8.669e-01 1.330e-01 1.068e-05 2.945e-06 2.696e-05 -1.000 1.001e-04 3.475 4.212 3.705 3.491 3.451 3.467 3.481
9.8116e-05 -2.19174 10.11394 0.7656485438 2.4060883798    0.764  0.529  3.8068  3.972    2  0.000  0.528     0.00     0.00     0.00     0.00     0.00 -1 -4.99e-13      0.00 8.668e-01 1.331e-01 1.070e-05 2.949e-06 2.699e-05 -1.000 9.999e-05 3.448 4.189 3.680 3.462 3.421 3.435 3.449
9.8116e-05 -2.19174 10.11394 0.7675324678 2.4068151516    0.766  0.569  3.8013  3.910    2  0.000  0.528     0.00     0.00     0.00     0.00     0.00 -1 -5.86e-13      0.00 8.662e-01 1.337e-01 1.074e-05 2.962e-06 2.711e-05 -1.000 1.000e-04 3.347 4.106 3.590 3.356 3.306 3.315 3.327
9.8116e-05 -2.19174 10.11394 0.7689745426 2.4073687024    0.768  0.606  3.7946  3.848    2  0.000  0.528     0.00     0.00     0.00     0.00     0.00 -1 -6.83e-13      0.00 8.658e-01 1.341e-01 1.078e-05 2.972e-06 2.721e-05 -1.000 1.000e-04 3.256 4.040 3.514 3.259 3.199 3.201 3.211
9.8116e-05 -2.19174 10.11394 0.7701043487 2.4078007214    0.769  0.639  3.7867  3.784    2  0.000  0.528     0.00     0.00     0.00     0.00     0.00 -1 -7.94e-13      0.00 8.654e-01 1.345e-01 1.081e-05 2.980e-06 2.728e-05 -1.000 9.905e-05 3.172 3.989 3.450 3.169 3.097 3.091 3.098
9.8116e-05 -2.19174 10.11394 0.7710154653 2.4081480569    0.769  0.670  3.7783  3.719    2  0.000  0.529     0.00     0.00     0.00     0.00     0.00 -1 -9.17e-13      0.00 8.583e-01 1.416e-01 1.130e-05 3.114e-06 2.849e-05 -1.000 3.543e-05 3.096 3.951 3.394 3.087 3.001 2.987 2.991
9.8116e-05 -2.19174 10.11394 0.7717800140 2.4084387902    0.770  0.699  3.7702  3.658    2  0.000  0.531     0.00     0.00     0.00     0.00     0.00 -1 -1.05e-12      0.00 8.357e-01 1.643e-01 1.270e-05 3.493e-06 3.190e-05 -1.000 4.828e-05 3.022 3.918 3.342 3.008 2.909 2.888 2.889
9.8116e-05 -2.19174 10.11394 0.7724545598 2.4086947488    0.771  0.730  3.7627  3.598    2  0.000  0.533     0.00     0.00     0.00     0.00     0.00 -1 -1.21e-12      0.00 8.099e-01 1.900e-01 1.422e-05 3.901e-06 3.556e-05 -1.000 7.364e-05 2.945 3.882 3.286 2.927 2.817 2.788 2.786
9.8116e-05 -2.19174 10.11394 0.7730530500 2.4089214179    0.771  0.764  3.7561  3.538    2  0.000  0.535     0.00     0.00     0.00     0.00     0.00 -1  -1.4e-12      0.00 7.926e-01 2.073e-01 1.523e-05 4.172e-06 3.798e-05 -1.000 9.432e-05 2.861 3.837 3.220 2.840 2.719 2.683 2.679
9.8116e-05 -2.19174 10.11394 0.7736458182 2.4091455223    0.772  0.806  3.7504  3.473    2  0.000  0.536     0.00     0.00     0.00     0.00     0.00 -1 -1.66e-12      0.00 7.821e-01 2.178e-01 1.585e-05 4.337e-06 3.945e-05 -1.000 9.999e-05 2.755 3.767 3.132 2.731 2.602 2.560 2.553
9.8116e-05 -2.19174 10.11394 0.7741137743 2.4093221610    0.772  0.846  3.7466  3.418    2  0.000  0.536     0.00     0.00     0.00     0.00     0.00 -1 -1.94e-12      0.00 7.770e-01 2.229e-01 1.615e-05 4.418e-06 4.017e-05 -1.000 1.001e-04 2.654 3.692 3.043 2.630 2.494 2.448 2.440
9.8116e-05 -2.19174 10.11394 0.7744336128 2.4094427487    0.773  0.877  3.7444  3.379    2  0.000  0.536     0.00     0.00     0.00     0.00     0.00 -1 -2.18e-12      0.00 7.743e-01 2.256e-01 1.631e-05 4.459e-06 4.054e-05 -1.000 9.999e-05 2.578 3.632 2.975 2.554 2.414 2.366 2.356
9.8116e-05 -2.19174 10.11394 0.7747198343 2.4095505649    0.773  0.907  3.7428  3.343    3  0.000  0.536     0.00     0.00     0.00     0.00     0.00 -1 -2.44e-12      0.00 7.725e-01 2.274e-01 1.641e-05 4.485e-06 4.078e-05 -1.000 1.000e-04 2.503 3.568 2.905 2.479 2.337 2.286 2.276
9.8116e-05 -2.19174 10.11394 0.7750951052 2.4096917861    0.773  0.948  3.7409  3.294    3  0.000  0.537     0.00     0.00     0.00     0.00     0.00 -1 -2.83e-12      0.00 7.704e-01 2.295e-01 1.651e-05 4.514e-06 4.104e-05 -1.000 7.711e-05 2.400 3.478 2.809 2.376 2.231 2.178 2.167
9.8116e-05 -2.19174 10.11394 0.7754731178 2.4098338802    0.773  0.992  3.7390  3.243    3  0.000  0.537     0.00     0.00     0.00     0.00     0.00 -1 -3.32e-12      0.00 7.685e-01 2.315e-01 1.660e-05 4.539e-06 4.126e-05 -1.000 2.122e-05 2.291 3.382 2.705 2.267 2.119 2.064 2.052
9.8116e-05 -2.19174 10.11394 0.7758351564 2.4099698204    0.774  1.036  3.7374  3.192    3  0.000  0.537     0.00     0.00     0.00     0.00     0.00 -1  -3.9e-12      0.00 7.668e-01 2.331e-01 1.668e-05 4.559e-06 4.143e-05 -1.000 9.793e-05 2.180 3.282 2.600 2.156 2.006 1.949 1.937
9.8116e-05 -2.19174 10.11394 0.7762199640 2.4101141502    0.774  1.086  3.7357  3.135    3  0.000  0.537     0.00     0.00     0.00     0.00     0.00 -1 -4.67e-12      0.00 7.652e-01 2.347e-01 1.674e-05 4.577e-06 4.160e-05 -1.000 9.999e-05 2.054 3.169 2.480 2.031 1.878 1.820 1.806
9.8116e-05 -2.19174 10.11394 0.7765428424 2.4102351252    0.774  1.132  3.7343  3.084    3  0.000  0.537     0.00     0.00     0.00     0.00     0.00 -1  -5.5e-12      0.00 7.638e-01 2.361e-01 1.680e-05 4.590e-06 4.172e-05 -1.000 1.000e-04 1.941 3.067 2.372 1.918 1.763 1.703 1.689
9.8116e-05 -2.19174 10.11394 0.7768695354 2.4103574119    0.774  1.181  3.7328  3.029    3  0.000  0.537     0.00     0.00     0.00     0.00     0.00 -1 -6.56e-12      0.00 7.626e-01 2.373e-01 1.684e-05 4.602e-06 4.182e-05 -1.000 7.215e-05 1.817 2.954 2.253 1.795 1.638 1.576 1.561
9.8116e-05 -2.19174 10.11394 0.7771900296 2.4104772633    0.775  1.234  3.7312  2.970    3  0.000  0.537     0.00     0.00     0.00     0.00     0.00 -1 -7.93e-12      0.00 7.613e-01 2.386e-01 1.687e-05 4.613e-06 4.191e-05 -1.000 7.878e-05 1.685 2.833 2.126 1.664 1.504 1.440 1.424
9.8116e-05 -2.19174 10.11394 0.7774486542 2.4105738953    0.775  1.281  3.7297  2.917    3  0.000  0.536     0.00     0.00     0.00     0.00     0.00 -1 -9.38e-12      0.00 7.604e-01 2.395e-01 1.689e-05 4.621e-06 4.197e-05 -1.000 9.680e-05 1.568 2.727 2.014 1.547 1.385 1.320 1.303
9.8116e-05 -2.19174 10.11394 0.7776981592 2.4106670498    0.775  1.330  3.7283  2.862    3  0.000  0.536     0.00     0.00     0.00     0.00     0.00 -1 -1.12e-11      0.00 7.595e-01 2.404e-01 1.691e-05 4.629e-06 4.203e-05 -1.000 9.997e-05 1.445 2.616 1.896 1.425 1.261 1.194 1.176
9.8116e-05 -2.19174 10.11394 0.7779223323 2.4107506878    0.775  1.378  3.7268  2.809    3  0.000  0.536     0.00     0.00     0.00     0.00     0.00 -1 -1.33e-11      0.00 7.587e-01 2.412e-01 1.691e-05 4.638e-06 4.208e-05 -1.000 9.997e-05 1.325 2.507 1.781 1.306 1.139 1.070 1.052
9.8116e-05 -2.19174 10.11394 0.7781254053 2.4108264057    0.775  1.426  3.7253  2.755    3  0.000  0.535     0.00     0.00     0.00     0.00     0.00 -1 -1.58e-11      0.00 7.581e-01 2.418e-01 1.691e-05 4.646e-06 4.212e-05 -1.000 1.000e-04 1.206 2.400 1.668 1.187 1.018 0.948 0.929
9.8116e-05 -2.19174 10.11394 0.7783070803 2.4108941065    0.775  1.472  3.7238  2.702    3  0.000  0.535     0.00     0.00     0.00     0.00     0.00 -1 -1.87e-11      0.00 7.575e-01 2.424e-01 1.691e-05 4.654e-06 4.214e-05 -1.000 1.000e-04 1.089 2.294 1.556 1.071 0.899 0.827 0.808
9.8116e-05 -2.19174 10.11394 0.7784790397 2.4109581534    0.775  1.521  3.7223  2.647    3  0.000  0.534     0.00     0.00     0.00     0.00     0.00 -1 -2.23e-11      0.00 7.571e-01 2.428e-01 1.690e-05 4.662e-06 4.217e-05 -1.000 1.000e-04 0.967 2.184 1.440 0.950 0.776 0.702 0.682
9.8116e-05 -2.19174 10.11394 0.7786317468 2.4110150024    0.775  1.568  3.7207  2.594    3  0.000  0.534     0.00     0.00     0.00     0.00     0.00 -1 -2.64e-11      0.00 7.568e-01 2.431e-01 1.689e-05 4.670e-06 4.218e-05 -1.000 9.999e-05 0.849 2.077 1.327 0.833 0.656 0.581 0.560
9.8116e-05 -2.19174 10.11394 0.7787674069 2.4110654838    0.775  1.614  3.7192  2.541    3  0.000  0.534     0.00     0.00     0.00     0.00     0.00 -1 -3.12e-11      0.00 7.566e-01 2.433e-01 1.689e-05 4.675e-06 4.219e-05 -1.000 1.000e-04 0.734 1.975 1.218 0.719 0.540 0.463 0.441
9.8116e-05 -2.19174 10.11394 0.7788903713 2.4111112234    0.775  1.660  3.7176  2.490    3  0.000  0.533     0.00     0.00     0.00     0.00     0.00 -1 -3.68e-11      0.00 7.564e-01 2.435e-01 1.688e-05 4.679e-06 4.220e-05 -1.000 5.856e-05 0.620 1.875 1.111 0.606 0.425 0.346 0.323
9.8116e-05 -2.19174 10.11394 0.7790055871 2.4111540657    0.775  1.706  3.7161  2.437    3  0.000  0.533     0.00     0.00     0.00     0.00     0.00 -1 -4.35e-11      0.00 7.563e-01 2.436e-01 1.688e-05 4.681e-06 4.220e-05 -1.000 1.000e-04 0.504 1.775 1.001 0.491 0.307 0.226 0.202
9.8116e-05 -2.19174 10.11394 0.7791073918 2.4111919090    0.774  1.751  3.7144  2.386    3  0.000  0.533     0.00     0.00     0.00     0.00     0.00 -1 -5.12e-11      0.00 7.563e-01 2.436e-01 1.688e-05 4.682e-06 4.221e-05 -1.000 1.000e-04 0.392 1.680 0.896 0.379 0.192 0.110 0.085
9.8116e-05 -2.19174 10.11394 0.7792013884 2.4112268397    0.774  1.796  3.7129  2.334    3  0.000  0.533     0.00     0.00     0.00     0.00     0.00 -1 -6.02e-11      0.00 7.563e-01 2.436e-01 1.688e-05 4.682e-06 4.221e-05 -1.000 1.001e-04 0.279 1.583 0.789 0.267 0.078 -0.007 -0.032
9.8116e-05 -2.19174 10.11394 0.7792876959 2.4112589045    0.774  1.841  3.7113  2.283    3  0.000  0.533     0.00     0.00     0.00     0.00     0.00 -1 -7.09e-11      0.00 7.563e-01 2.436e-01 1.688e-05 4.682e-06 4.221e-05 -1.000 1.001e-04 0.167 1.487 0.684 0.155 -0.037 -0.123 -0.150
9.8116e-05 -2.19174 10.11394 0.7793644071 2.4112873972    0.774  1.885  3.7097  2.233    3  0.000  0.533     0.00     0.00     0.00     0.00     0.00 -1  -8.3e-11      0.00 7.563e-01 2.436e-01 1.688e-05 4.682e-06 4.221e-05 -1.000 1.000e-04 0.058 1.396 0.583 0.048 -0.147 -0.236 -0.263
9.8116e-05 -2.19174 10.11394 0.7794352770 2.4113137146    0.773  1.928  3.7081  2.183    3  0.000  0.533     0.00     0.00     0.00     0.00     0.00 -1 -9.71e-11      0.00 7.563e-01 2.436e-01 1.688e-05 4.682e-06 4.221e-05 -1.000 1.000e-04 -0.050 1.306 0.482 -0.060 -0.257 -0.347 -0.375
9.8116e-05 -2.19174 10.11394 0.7795033455 2.4113389865    0.773  1.973  3.7065  2.131    3  0.000  0.533     0.00     0.00     0.00     0.00     0.00 -1 -1.14e-10      0.00 7.563e-01 2.436e-01 1.688e-05 4.683e-06 4.221e-05 -1.000 1.001e-04 -0.163 1.212 0.377 -0.171 -0.371 -0.464 -0.493
9.8116e-05 -2.19174 10.11394 0.7795616388 2.4113606252    0.773  2.015  3.7048  2.082    3  0.000  0.533     0.00     0.00     0.00     0.00     0.00 -1 -1.33e-10      0.00 7.563e-01 2.436e-01 1.688e-05 4.683e-06 4.221e-05 -1.000 1.001e-04 -0.268 1.127 0.280 -0.275 -0.478 -0.572 -0.602
9.8116e-05 -2.19174 10.11394 0.7796155214 2.4113806232    0.772  2.057  3.7032  2.034    3  0.000  0.533     0.00     0.00     0.00     0.00     0.00 -1 -1.55e-10      0.00 7.563e-01 2.436e-01 1.688e-05 4.683e-06 4.221e-05 -1.000 1.000e-04 -0.373 1.041 0.183 -0.378 -0.584 -0.681 -0.711
9.8116e-05 -2.19174 10.11394 0.7796670198 2.4113997334    0.772  2.101  3.7017  1.984    3  0.000  0.533     0.00     0.00     0.00     0.00     0.00 -1 -1.82e-10      0.00 7.563e-01 2.436e-01 1.688e-05 4.683e-06 4.221e-05 -1.000 1.000e-04 -0.481 0.952 0.083 -0.486 -0.694 -0.793 -0.824
9.8116e-05 -2.19174 10.11394 0.7797119617 2.4114164083    0.771  2.141  3.7000  1.936    3  0.000  0.533     0.00     0.00     0.00     0.00     0.00 -1 -2.11e-10      0.00 7.563e-01 2.436e-01 1.688e-05 4.683e-06 4.221e-05 -1.000 1.000e-04 -0.583 0.872 -0.011 -0.587 -0.799 -0.899 -0.931
9.8116e-05 -2.19174 10.11394 0.7797540426 2.4114320196    0.771  2.182  3.6984  1.888    3  0.000  0.533     0.00     0.00     0.00     0.00     0.00 -1 -2.45e-10      0.00 7.562e-01 2.437e-01 1.688e-05 4.683e-06 4.221e-05 -1.000 1.000e-04 -0.686 0.792 -0.104 -0.688 -0.902 -1.005 -1.038
9.8116e-05 -2.19174 10.11394 0.7797978520 2.4114482701    0.770  2.223  3.6969  1.841    3  0.000  0.533     0.00     0.00     0.00     0.00     0.00 -1 -2.84e-10      0.00 7.562e-01 2.437e-01 1.688e-05 4.683e-06 4.221e-05 -1.000 1.001e-04 -0.786 0.712 -0.196 -0.787 -1.005 -1.109 -1.143
9.8116e-05 -2.19174 10.11394 0.7798464298 2.4114662869    0.769  2.253  3.6957  1.806    3  0.000  0.533     0.00     0.00     0.00     0.00     0.00 -1 -3.19e-10      0.00 7.562e-01 2.437e-01 1.688e-05 4.683e-06 4.221e-05 -1.000 1.000e-04 -0.862 0.653 -0.266 -0.862 -1.082 -1.188 -1.222
9.8116e-05 -2.19174 10.11394 0.7798658013 2.4114734708    0.769  2.249  3.6960  1.811    3  0.000  0.533     0.00     0.00     0.00     0.00     0.00 -1 -3.16e-10      0.00 7.562e-01 2.437e-01 1.688e-05 4.683e-06 4.221e-05 -1.000 1.001e-04 -0.852 0.659 -0.257 -0.852 -1.071 -1.176 -1.211
9.8116e-05 -2.19174 10.11394 0.7798712254 2.4114754822    0.769  2.255  3.6958  1.804    3  0.000  0.533     0.00     0.00     0.00     0.00     0.00 -1 -3.24e-10      0.00 7.562e-01 2.437e-01 1.688e-05 4.683e-06 4.221e-05 -1.000 1.001e-04 -0.868 0.646 -0.272 -0.868 -1.088 -1.194 -1.228
9.8116e-05 -2.19174 10.11394 0.7799014449 2.4114866880    0.768  2.295  3.6941  1.756    3  0.000  0.533     0.00     0.00     0.00     0.00     0.00 -1 -3.72e-10      0.00 7.562e-01 2.437e-01 1.688e-05 4.683e-06 4.221e-05 -1.000 1.001e-04 -0.969 0.570 -0.362 -0.967 -1.190 -1.297 -1.333
9.8116e-05 -2.19174 10.11394 0.7799319029 2.4114979813    0.768  2.338  3.6924  1.707    3  0.000  0.533     0.00     0.00     0.00     0.00     0.00 -1 -4.34e-10      0.00 7.562e-01 2.437e-01 1.688e-05 4.683e-06 4.221e-05 -1.000 1.000e-04 -1.076 0.487 -0.460 -1.072 -1.298 -1.408 -1.445
9.8116e-05 -2.19174 10.11394 0.7799577713 2.4115075721    0.767  2.377  3.6907  1.661    3  0.000  0.533     0.00     0.00     0.00     0.00     0.00 -1    -5e-10      0.00 7.562e-01 2.437e-01 1.688e-05 4.684e-06 4.221e-05 -1.000 1.000e-04 -1.172 0.414 -0.547 -1.167 -1.397 -1.509 -1.546
9.8116e-05 -2.19174 10.11394 0.7799832225 2.4115170074    0.766  2.418  3.6889  1.612    3  0.000  0.533     0.00     0.00     0.00     0.00     0.00 -1 -5.81e-10      0.00 7.562e-01 2.437e-01 1.688e-05 4.684e-06 4.221e-05 -1.000 1.001e-04 -1.274 0.340 -0.637 -1.266 -1.499 -1.614 -1.652
9.8116e-05 -2.19174 10.11394 0.7800070047 2.4115258234    0.765  2.458  3.6873  1.565    3  0.000  0.533     0.00     0.00     0.00     0.00     0.00 -1 -6.75e-10      0.00 7.562e-01 2.437e-01 1.688e-05 4.684e-06 4.221e-05 -1.000 9.999e-05 -1.376 0.265 -0.728 -1.366 -1.602 -1.719 -1.758
9.8116e-05 -2.19174 10.11394 0.7800278068 2.4115335341    0.765  2.496  3.6856  1.519    3  0.000  0.533     0.00     0.00     0.00     0.00     0.00 -1 -7.77e-10      0.00 7.562e-01 2.437e-01 1.688e-05 4.684e-06 4.221e-05 -1.000 9.996e-05 -1.471 0.199 -0.812 -1.459 -1.699 -1.818 -1.858
9.8116e-05 -2.19174 10.11394 0.7800484300 2.4115411781    0.764  2.537  3.6837  1.471    3  0.000  0.533     7.02     5.56     3.94     3.05     2.47  3 -9.02e-10      0.00 7.562e-01 2.437e-01 1.688e-05 4.684e-06 4.221e-05 -1.000 1.000e-04 -1.572 0.145 -0.898 -1.560 -1.803 -1.924 -1.965
9.8116e-05 -2.19174 10.11394 0.7800666690 2.4115479380    0.763  2.575  3.6821  1.425    3  0.000  0.533     7.73     6.04     4.26     3.31     2.67  3 -1.04e-09      0.00 7.562e-01 2.437e-01 1.688e-05 4.684e-06 4.221e-05 -1.000 1.000e-04 -1.668 0.095 -0.979 -1.655 -1.902 -2.025 -2.067
9.8116e-05 -2.19174 10.11394 0.7800837159 2.4115542558    0.762  2.613  3.6804  1.380    3  0.000  0.533     8.51     6.55     4.61     3.58     2.90  3  -1.2e-09      0.00 7.562e-01 2.437e-01 1.688e-05 4.684e-06 4.221e-05 -1.000 9.996e-05 -1.764 0.053 -1.058 -1.749 -2.001 -2.126 -2.169
9.8116e-05 -2.19174 10.11394 0.7800999880 2.4115602860    0.760  2.652  3.6786  1.333    3  0.000  0.533     9.39     7.13     5.00     3.88     3.14  3 -1.38e-09      0.00 7.562e-01 2.437e-01 1.688e-05 4.684e-06 4.221e-05 -1.000 1.001e-04 -1.860 0.015 -1.136 -1.844 -2.100 -2.228 -2.272
9.8116e-05 -2.19174 10.11394 0.7801174521 2.4115667578    0.759  2.697  3.6766  1.280    3  0.000  0.533    10.51     7.85     5.48     4.26     3.45  3 -1.63e-09      0.00 7.562e-01 2.437e-01 1.688e-05 4.684e-06 4.221e-05 -1.000 9.999e-05 -1.972 -0.029 -1.226 -1.955 -2.216 -2.346 -2.392
9.8116e-05 -2.19174 10.11394 0.7801315784 2.4115719923    0.757  2.736  3.6747  1.232    3  0.000  0.533    11.62     8.54     5.94     4.63     3.75  3 -1.88e-09      0.00 7.562e-01 2.437e-01 1.688e-05 4.684e-06 4.221e-05 -1.000 1.001e-04 -2.069 -0.053 -1.299 -2.049 -2.316 -2.449 -2.495
9.8116e-05 -2.19174 10.11394 0.7801460624 2.4115773592    0.756  2.778  3.6727  1.181    3  0.000  0.533    12.95     9.37     6.49     5.06     4.10  2 -2.21e-09      0.00 7.562e-01 2.437e-01 1.688e-05 4.684e-06 4.221e-05 -1.000 1.000e-04 -2.176 -0.081 -1.380 -2.154 -2.426 -2.562 -2.610
9.8116e-05 -2.19174 10.11394 0.7801580429 2.4115817983    0.754  2.816  3.6710  1.135    3  0.000  0.533    14.27    10.18     7.02     5.49     4.44  2 -2.54e-09      0.00 7.562e-01 2.437e-01 1.688e-05 4.684e-06 4.221e-05 -1.000 9.999e-05 -2.271 -0.100 -1.449 -2.246 -2.524 -2.663 -2.711
9.8116e-05 -2.19174 10.11394 0.7801702023 2.4115863035    0.752  2.857  3.6688  1.084    3  0.000  0.533    15.89    11.15     7.66     5.99     4.85  2 -2.96e-09      0.00 7.562e-01 2.437e-01 1.688e-05 4.684e-06 4.221e-05 -1.000 1.000e-04 -2.373 -0.106 -1.519 -2.345 -2.630 -2.772 -2.822
9.8116e-05 -2.19174 10.11394 0.7801803350 2.4115900577    0.750  2.894  3.6672  1.040    3  0.000  0.533    17.43    12.06     8.25     6.47     5.24  2 -3.39e-09      0.00 7.562e-01 2.437e-01 1.688e-05 4.684e-06 4.222e-05 -1.000 1.000e-04 -2.464 -0.119 -1.584 -2.432 -2.723 -2.868 -2.919
9.8116e-05 -2.19174 10.11394 0.7801910043 2.4115940105    0.748  2.934  3.6650  0.990    3  0.000  0.533    19.39    13.20     9.00     7.06     5.72  2 -3.96e-09      0.00 7.562e-01 2.437e-01 1.688e-05 4.684e-06 4.222e-05 -1.000 1.000e-04 -2.566 -0.110 -1.647 -2.529 -2.827 -2.977 -3.029
9.8116e-05 -2.19174 10.11394 0.7802017331 2.4115979853    0.745  2.978  3.6628  0.935    3  0.000  0.533    21.75    14.56     9.88     7.76     6.29  2 -4.67e-09      0.00 7.562e-01 2.437e-01 1.688e-05 4.684e-06 4.222e-05 -1.000 1.000e-04 -2.676 -0.095 -1.712 -2.633 -2.941 -3.095 -3.148
9.8116e-05 -2.19174 10.11394 0.7802104950 2.4116012313    0.743  3.017  3.6608  0.888    3  0.000  0.533    24.05    15.85    10.72     8.43     6.84  1  -5.4e-09      0.00 7.562e-01 2.437e-01 1.688e-05 4.684e-06 4.222e-05 -1.000 9.997e-05 -2.772 -0.071 -1.763 -2.723 -3.040 -3.198 -3.253
9.8116e-05 -2.19174 10.11394 0.7802180052 2.4116040135    0.740  3.051  3.6590  0.844    3  0.000  0.533    26.37    17.14    11.54     9.10     7.37  1 -6.16e-09      0.00 7.562e-01 2.437e-01 1.688e-05 4.684e-06 4.222e-05 -1.000 1.000e-04 -2.858 -0.042 -1.806 -2.802 -3.129 -3.290 -3.347
9.8116e-05 -2.19174 10.11394 0.7802257538 2.4116068839    0.737  3.089  3.6571  0.797    3  0.000  0.533    29.13    18.64    12.51     9.87     8.01  1 -7.11e-09      0.00 7.562e-01 2.437e-01 1.688e-05 4.684e-06 4.222e-05 -1.000 1.001e-04 -2.953 -0.034 -1.858 -2.888 -3.224 -3.390 -3.448
9.8116e-05 -2.19174 10.11394 0.7802336812 2.4116098206    0.734  3.130  3.6548  0.745    3  0.000  0.533    32.50    20.46    13.67    10.80     8.76  1 -8.31e-09      0.00 7.562e-01 2.437e-01 1.688e-05 4.684e-06 4.222e-05 -1.000 1.000e-04 -3.055 -0.043 -1.919 -2.980 -3.326 -3.496 -3.556
9.8116e-05 -2.19174 10.11394 0.7802403569 2.4116122935    0.730  3.167  3.6529  0.698    3  0.000  0.533    35.84    22.22    14.79    11.70     9.49  1 -9.56e-09      0.00 7.562e-01 2.437e-01 1.688e-05 4.684e-06 4.222e-05 -1.000 9.999e-05 -3.147 -0.053 -1.973 -3.062 -3.416 -3.591 -3.653
9.8116e-05 -2.19174 10.11394 0.7802470326 2.4116147663    0.726  3.205  3.6508  0.650    3  0.000  0.533    39.73    24.24    16.07    12.74    10.33  1 -1.11e-08      0.00 7.562e-01 2.437e-01 1.688e-05 4.684e-06 4.222e-05 -1.000 9.999e-05 -3.242 -0.059 -2.028 -3.148 -3.511 -3.690 -3.753
9.8116e-05 -2.19174 10.11394 0.7802532911 2.4116170846    0.722  3.240  3.6489  0.604    3  0.000  0.533    43.70    26.27    17.35    13.77    11.17  1 -1.27e-08      0.00 7.562e-01 2.437e-01 1.688e-05 4.684e-06 4.222e-05 -1.000 1.001e-04 -3.330 -0.066 -2.077 -3.225 -3.597 -3.780 -3.845
9.8116e-05 -2.19174 10.11394 0.7802550197 2.4116177248    0.721  3.249  3.6484  0.593    3  0.000  0.533    44.78    26.82    17.69    14.05    11.40  1 -1.32e-08      0.00 7.562e-01 2.437e-01 1.688e-05 4.684e-06 4.222e-05 -1.000 1.000e-04 -3.353 -0.069 -2.091 -3.245 -3.619 -3.804 -3.869
9.8116e-05 -2.19174 10.11394 0.7802550197 2.4116177248    0.721  1.636  3.9762  3.516    4  0.000  0.533     0.00     0.00     0.00     0.00     0.00 -1    -1e-30      0.00 7.562e-01 2.437e-01 1.688e-05 4.684e-06 4.222e-05 -1.000 1.000e-04 0.679 1.099 0.755 1.035 1.258 1.347 1.402
9.8116e-05 -2.19174 10.11394 0.7802562118 2.4116181664    0.721  1.643  3.9722  3.494    4  0.000  0.533     0.00     0.00     0.00     0.00     0.00 -1    -1e-30      0.00 7.562e-01 2.437e-01 1.688e-05 4.684e-06 4.222e-05 -1.000 9.991e-05 0.663 1.075 0.723 0.999 1.220 1.307 1.360
9.8116e-05 -2.19174 10.11394 0.7802979350 2.4116336202    0.721  1.663  3.9620  3.433    4  0.000  0.533     0.00     0.00     0.00     0.00     0.00 -1    -1e-30      0.00 7.562e-01 2.437e-01 1.688e-05 4.684e-06 4.222e-05 -1.000 1.000e-04 0.614 1.011 0.640 0.904 1.118 1.198 1.249
9.8116e-05 -2.19174 10.11394 0.7803406715 2.4116494474    0.721  1.664  3.9614  3.430    4  0.000  0.533     0.00     0.00     0.00     0.00     0.00 -1    -1e-30      0.00 7.562e-01 2.437e-01 1.688e-05 4.684e-06 4.222e-05 -1.000 9.993e-05 0.610 1.007 0.634 0.898 1.111 1.192 1.242
9.8116e-05 -2.19174 10.11394 0.7803847790 2.4116657801    0.721  1.664  3.9612  3.429    4  0.000  0.533     0.00     0.00     0.00     0.00     0.00 -1    -1e-30      0.00 7.562e-01 2.437e-01 1.688e-05 4.684e-06 4.222e-05 -1.000 1.000e-04 0.610 1.007 0.634 0.897 1.111 1.191 1.241
9.8116e-05 -2.19174 10.11394 0.7804291248 2.4116821990    0.721  1.664  3.9609  3.428    4  0.000  0.533     0.00     0.00     0.00     0.00     0.00 -1    -1e-30      0.00 7.562e-01 2.437e-01 1.688e-05 4.684e-06 4.222e-05 -1.000 9.999e-05 0.610 1.006 0.633 0.895 1.109 1.189 1.239
9.8116e-05 -2.19174 10.11394 0.7804735303 2.4116986378    0.721  1.664  3.9601  3.424    4  0.000  0.533     0.00     0.00     0.00     0.00     0.00 -1    -1e-30      0.00 7.562e-01 2.437e-01 1.688e-05 4.684e-06 4.222e-05 -1.000 9.999e-05 0.610 1.004 0.629 0.891 1.104 1.184 1.234
9.8116e-05 -2.19174 10.11394 0.7805184126 2.4117152510    0.721  1.665  3.9591  3.420    4  0.000  0.533     0.00     0.00     0.00     0.00     0.00 -1    -1e-30      0.00 7.562e-01 2.437e-01 1.688e-05 4.684e-06 4.222e-05 -1.000 1.001e-04 0.608 1.002 0.625 0.885 1.097 1.176 1.226
9.8116e-05 -2.19174 10.11394 0.7805640101 2.4117321267    0.721  1.665  3.9576  3.413    4  0.000  0.533     0.00     0.00     0.00     0.00     0.00 -1    -1e-30      0.00 7.562e-01 2.437e-01 1.688e-05 4.684e-06 4.222e-05 -1.000 9.999e-05 0.606 0.999 0.619 0.877 1.088 1.166 1.216
9.8116e-05 -2.19174 10.11394 0.7806094289 2.4117489339    0.721  1.666  3.9559  3.405    4  0.000  0.533     0.00     0.00     0.00     0.00     0.00 -1    -1e-30      0.00 7.562e-01 2.437e-01 1.688e-05 4.684e-06 4.222e-05 -1.000 9.999e-05 0.604 0.995 0.612 0.868 1.077 1.154 1.203
9.8116e-05 -2.19174 10.11394 0.7806525826 2.4117649009    0.721  1.668  3.9538  3.395    4  0.000  0.533     0.00     0.00     0.00     0.00     0.00 -1    -1e-30      0.00 7.562e-01 2.437e-01 1.688e-05 4.684e-06 4.222e-05 -1.000 9.999e-05 0.600 0.990 0.602 0.855 1.063 1.139 1.187
9.8116e-05 -2.19174 10.11394 0.7806962132 2.4117810422    0.721  1.670  3.9513  3.384    4  0.000  0.533     0.00     0.00     0.00     0.00     0.00 -1    -1e-30      0.00 7.562e-01 2.437e-01 1.688e-05 4.684e-06 4.222e-05 -1.000 9.999e-05 0.596 0.983 0.591 0.841 1.046 1.121 1.169
9.8116e-05 -2.19174 10.11394 0.7807388902 2.4117968288    0.721  1.672  3.9484  3.370    4  0.000  0.533     0.00     0.00     0.00     0.00     0.00 -1    -1e-30      0.00 7.562e-01 2.437e-01 1.688e-05 4.684e-06 4.222e-05 -1.000 9.999e-05 0.591 0.976 0.578 0.824 1.027 1.100 1.147
9.8116e-05 -2.19174 10.11394 0.7807818651 2.4118127235    0.721  1.674  3.9452  3.355    4  0.000  0.533     0.00     0.00     0.00     0.00     0.00 -1    -1e-30      0.00 7.562e-01 2.437e-01 1.688e-05 4.684e-06 4.222e-05 -1.000 1.000e-04 0.585 0.969 0.565 0.805 1.005 1.077 1.123
9.8116e-05 -2.19174 10.11394 0.7808234692 2.4118281093    0.722  1.677  3.9415  3.338    4  0.000  0.533     0.00     0.00     0.00     0.00     0.00 -1    -1e-30      0.00 7.562e-01 2.437e-01 1.688e-05 4.684e-06 4.222e-05 -1.000 9.999e-05 0.579 0.960 0.550 0.784 0.981 1.050 1.096
9.8116e-05 -2.19174 10.11394 0.7808669806 2.4118441985    0.722  1.680  3.9372  3.318    4  0.000  0.533     0.00     0.00     0.00     0.00     0.00 -1    -1e-30      0.00 7.562e-01 2.437e-01 1.688e-05 4.684e-06 4.222e-05 -1.000 1.000e-04 0.571 0.952 0.533 0.761 0.953 1.020 1.065
9.8116e-05 -2.19174 10.11394 0.7809098959 2.4118600652    0.722  1.683  3.9326  3.296    4  0.000  0.533     0.00     0.00     0.00     0.00     0.00 -1    -1e-30      0.00 7.562e-01 2.437e-01 1.688e-05 4.684e-06 4.222e-05 -1.000 9.999e-05 0.562 0.943 0.516 0.736 0.923 0.988 1.031
9.8116e-05 -2.19174 10.11394 0.7809567451 2.4118773841    0.722  1.687  3.9272  3.270    4  0.000  0.533     0.00     0.00     0.00     0.00     0.00 -1    -1e-30      0.00 7.562e-01 2.437e-01 1.688e-05 4.684e-06 4.222e-05 -1.000 9.999e-05 0.552 0.934 0.498 0.707 0.888 0.951 0.993
9.8116e-05 -2.19174 10.11394 0.7810001373 2.4118934229    0.722  1.691  3.9214  3.242    4  0.000  0.533     0.00     0.00     0.00     0.00     0.00 -1    -1e-30      0.00 7.562e-01 2.437e-01 1.688e-05 4.684e-06 4.222e-05 -1.000 9.999e-05 0.542 0.926 0.481 0.678 0.852 0.912 0.953
9.8116e-05 -2.19174 10.11394 0.7810445428 2.4119098341    0.722  1.696  3.9151  3.213    4  0.000  0.533     0.00     0.00     0.00     0.00     0.00 -1    -1e-30      0.00 7.562e-01 2.437e-01 1.688e-05 4.684e-06 4.222e-05 -1.000 1.000e-04 0.530 0.919 0.466 0.649 0.814 0.872 0.911
9.8116e-05 -2.19174 10.11394 0.7810878754 2.4119258467    0.722  1.701  3.9084  3.181    4  0.000  0.533     0.00     0.00     0.00     0.00     0.00 -1    -1e-30      0.00 7.562e-01 2.437e-01 1.688e-05 4.684e-06 4.222e-05 -1.000 1.000e-04 0.518 0.912 0.451 0.617 0.774 0.828 0.866
9.8116e-05 -2.19174 10.11394 0.7811310291 2.4119417912    0.722  1.706  3.9014  3.148    4  0.000  0.533     0.00     0.00     0.00     0.00     0.00 -1    -1e-30      0.00 7.562e-01 2.437e-01 1.688e-05 4.684e-06 4.222e-05 -1.000 9.999e-05 0.505 0.908 0.439 0.586 0.732 0.784 0.820
9.8116e-05 -2.19174 10.11394 0.7811393738 2.4119448742    0.722  1.707  3.9000  3.141    4  0.000  0.533     0.00     0.00     0.00     0.00     0.00 -1    -1e-30      0.00 7.562e-01 2.437e-01 1.688e-05 4.684e-06 4.222e-05 -1.000 9.999e-05 0.502 0.907 0.437 0.580 0.724 0.775 0.811
9.8116e-05 -2.19174 10.11394 0.7811601758 2.4119525592    0.722  1.710  3.8967  3.126    4  0.000  0.533     0.00     0.00     0.00     0.00     0.00 -1    -1e-30      0.00 7.562e-01 2.437e-01 1.688e-05 4.684e-06 4.222e-05 -1.000 9.999e-05 0.496 0.906 0.433 0.566 0.705 0.756 0.791
9.8116e-05 -2.19174 10.11394 0.7812035084 2.4119685664    0.722  1.715  3.8897  3.092    4  0.000  0.533     0.00     0.00     0.00     0.00     0.00 -1    -1e-30      0.00 7.562e-01 2.437e-01 1.688e-05 4.684e-06 4.222e-05 -1.000 9.993e-05 0.483 0.906 0.425 0.536 0.664 0.713 0.746
9.8116e-05 -2.19174 10.11394 0.7812448144 2.4119838230    0.722  1.720  3.8823  3.058    4  0.000  0.533     0.00     0.00     0.00     0.00     0.00 -1    -1e-30      0.00 7.562e-01 2.437e-01 1.688e-05 4.684e-06 4.222e-05 -1.000 1.000e-04 0.469 0.908 0.423 0.509 0.624 0.671 0.703
9.8116e-05 -2.19174 10.11394 0.7812870145 2.4119994080    0.722  1.726  3.8745  3.020    4  0.000  0.533     0.00     0.00     0.00     0.00     0.00 -1    -1e-30      0.00 7.562e-01 2.437e-01 1.688e-05 4.684e-06 4.222e-05 -1.000 9.999e-05 0.455 0.913 0.423 0.481 0.582 0.626 0.657
9.8116e-05 -2.19174 10.11394 0.7813280821 2.4120145729    0.722  1.732  3.8663  2.982    4  0.000  0.533     0.00     0.00     0.00     0.00     0.00 -1    -1e-30      0.00 7.562e-01 2.437e-01 1.688e-05 4.684e-06 4.222e-05 -1.000 9.999e-05 0.439 0.918 0.424 0.454 0.540 0.582 0.610
9.8116e-05 -2.19174 10.11394 0.7813691497 2.4120297359    0.722  1.738  3.8582  2.943    4  0.000  0.533     0.00     0.00     0.00     0.00     0.00 -1    -1e-30      0.00 7.562e-01 2.437e-01 1.688e-05 4.684e-06 4.222e-05 -1.000 1.000e-04 0.424 0.924 0.427 0.428 0.500 0.538 0.565
9.8116e-05 -2.19174 10.11394 0.7814109325 2.4120451611    0.722  1.745  3.8498  2.903    4  0.000  0.533     0.00     0.00     0.00     0.00     0.00 -1    -1e-30      0.00 7.562e-01 2.437e-01 1.688e-05 4.684e-06 4.222e-05 -1.000 9.999e-05 0.408 0.932 0.431 0.405 0.461 0.495 0.520
9.8116e-05 -2.19174 10.11394 0.7814528346 2.4120606285    0.722  1.751  3.8414  2.863    4  0.000  0.533     0.00     0.00     0.00     0.00     0.00 -1    -1e-30      0.00 7.562e-01 2.437e-01 1.688e-05 4.684e-06 4.222e-05 -1.000 9.999e-05 0.391 0.941 0.436 0.381 0.421 0.451 0.474
9.8116e-05 -2.19174 10.11394 0.7814940214 2.4120758299    0.722  1.758  3.8334  2.824    4  0.000  0.533     0.00     0.00     0.00     0.00     0.00 -1    -1e-30      0.00 7.562e-01 2.437e-01 1.688e-05 4.684e-06 4.222e-05 -1.000 9.999e-05 0.375 0.950 0.441 0.359 0.384 0.410 0.431
9.8116e-05 -2.19174 10.11394 0.7815356851 2.4120912055    0.722  1.765  3.8250  2.783    4  0.000  0.533     0.00     0.00     0.00     0.00     0.00 -1    -1e-30      0.00 7.562e-01 2.437e-01 1.688e-05 4.684e-06 4.222e-05 -1.000 9.999e-05 0.357 0.962 0.446 0.336 0.346 0.366 0.385
9.8116e-05 -2.19174 10.11394 0.7815796733 2.4121074369    0.722  1.774  3.8149  2.734    4  0.000  0.533     0.00     0.00     0.00     0.00     0.00 -1    -1e-30      0.00 7.562e-01 2.437e-01 1.688e-05 4.684e-06 4.222e-05 -1.000 1.000e-04 0.334 0.976 0.452 0.308 0.300 0.313 0.329
9.8116e-05 -2.19174 10.11394 0.7816207409 2.4121225887    0.722  1.784  3.8053  2.686    4  0.000  0.533     0.00     0.00     0.00     0.00     0.00 -1    -1e-30      0.00 7.562e-01 2.437e-01 1.688e-05 4.684e-06 4.222e-05 -1.000 9.999e-05 0.310 0.993 0.459 0.280 0.254 0.261 0.274
9.8116e-05 -2.19174 10.11394 0.7816554308 2.4121353860    0.722  1.795  3.7950  2.633    4  0.000  0.533     0.00     0.00     0.00     0.00     0.00 -1    -1e-30      0.00 7.562e-01 2.437e-01 1.688e-05 4.684e-06 4.222e-05 -1.000 1.000e-04 0.281 1.012 0.466 0.249 0.206 0.204 0.213
9.8116e-05 -2.19174 10.11394 0.7816774845 2.4121435211    0.722  1.810  3.7850  2.579    4  0.000  0.533     0.00     0.00     0.00     0.00     0.00 -1    -1e-30      0.00 7.562e-01 2.437e-01 1.688e-05 4.684e-06 4.222e-05 -1.000 1.000e-04 0.244 1.025 0.464 0.211 0.149 0.139 0.145
9.8116e-05 -2.19174 10.11394 0.7816930413 2.4121492593    0.722  1.823  3.7772  2.535    4  0.000  0.533     0.00     0.00     0.00     0.00     0.00 -1    -1e-30      0.00 7.562e-01 2.437e-01 1.688e-05 4.684e-06 4.222e-05 -1.000 9.999e-05 0.213 1.036 0.461 0.180 0.105 0.087 0.090
9.8116e-05 -2.19174 10.11394 0.7817023396 2.4121526889    0.722  1.838  3.7700  2.491    4  0.000  0.533     0.00     0.00     0.00     0.00     0.00 -1    -1e-30      0.00 7.562e-01 2.437e-01 1.688e-05 4.684e-06 4.222e-05 -1.000 1.000e-04 0.176 1.040 0.449 0.143 0.055 0.031 0.031
9.8116e-05 -2.19174 10.11394 0.7817091942 2.4121552171    0.722  1.849  3.7643  2.457    4  0.000  0.533     0.00     0.00     0.00     0.00     0.00 -1    -1e-30      0.00 7.562e-01 2.437e-01 1.688e-05 4.684e-06 4.222e-05 -1.000 9.999e-05 0.147 1.045 0.442 0.115 0.017 -0.013 -0.016
9.8116e-05 -2.19174 10.11394 0.7817141414 2.4121570418    0.723  1.863  3.7586  2.420    4  0.000  0.533     0.00     0.00     0.00     0.00     0.00 -1    -1e-30      0.00 7.562e-01 2.437e-01 1.688e-05 4.684e-06 4.222e-05 -1.000 9.999e-05 0.111 1.044 0.427 0.080 -0.028 -0.063 -0.068
9.8116e-05 -2.19174 10.11394 0.7817183733 2.4121586026    0.723  1.879  3.7530  2.382    4  0.000  0.533     0.00     0.00     0.00     0.00     0.00 -1    -1e-30      0.00 7.562e-01 2.437e-01 1.688e-05 4.684e-06 4.222e-05 -1.000 9.999e-05 0.073 1.042 0.410 0.043 -0.075 -0.116 -0.123
9.8116e-05 -2.19174 10.11394 0.7817216516 2.4121598117    0.723  1.901  3.7465  2.334    4  0.000  0.533     0.00     0.00     0.00     0.00     0.00 -1    -1e-30      0.00 7.562e-01 2.437e-01 1.688e-05 4.684e-06 4.222e-05 -1.000 1.000e-04 0.018 1.031 0.380 -0.010 -0.139 -0.187 -0.197
9.8116e-05 -2.19174 10.11394 0.7817237973 2.4121606031    0.723  1.923  3.7408  2.289    4  0.000  0.533     0.00     0.00     0.00     0.00     0.00 -1    -1e-30      0.00 7.562e-01 2.437e-01 1.688e-05 4.684e-06 4.222e-05 -1.000 9.999e-05 -0.037 1.016 0.347 -0.063 -0.202 -0.255 -0.268
9.8116e-05 -2.19174 10.11394 0.7817252278 2.4121611307    0.723  1.948  3.7355  2.243    4  0.000  0.533     0.00     0.00     0.00     0.00     0.00 -1    -1e-30      0.00 7.562e-01 2.437e-01 1.688e-05 4.684e-06 4.222e-05 -1.000 9.999e-05 -0.100 0.996 0.305 -0.125 -0.272 -0.332 -0.347
9.8116e-05 -2.19174 10.11394 0.7817260623 2.4121614384    0.723  1.971  3.7317  2.205    7  0.000  0.533     0.00     0.00     0.00     0.00     0.00 -1    -1e-30      0.00 7.562e-01 2.437e-01 1.688e-05 4.684e-06 4.222e-05 -1.000 9.999e-05 -0.157 0.971 0.264 -0.181 -0.336 -0.399 -0.416
9.8116e-05 -2.19174 10.11394 0.7817267179 2.4121616802    0.723  2.001  3.7280  2.160    7  0.000  0.533     0.00     0.00     0.00     0.00     0.00 -1    -1e-30      0.00 7.562e-01 2.437e-01 1.688e-05 4.684e-06 4.222e-05 -1.000 9.999e-05 -0.232 0.929 0.204 -0.254 -0.415 -0.483 -0.501
9.8116e-05 -2.19174 10.11394 0.7817274928 2.4121619660    0.723  2.037  3.7241  2.108    7  0.000  0.533     0.00     0.00     0.00     0.00     0.00 -1    -1e-30      0.00 7.562e-01 2.437e-01 1.688e-05 4.684e-06 4.222e-05 -1.000 9.999e-05 -0.323 0.873 0.129 -0.344 -0.511 -0.583 -0.604
9.8116e-05 -2.19174 10.11394 0.7817282081 2.4121622298    0.723  2.075  3.7206  2.056    7  0.000  0.533     0.00     0.00     0.00     0.00     0.00 -1    -1e-30      0.00 7.562e-01 2.437e-01 1.688e-05 4.684e-06 4.222e-05 -1.000 9.999e-05 -0.418 0.809 0.049 -0.438 -0.611 -0.687 -0.709
9.8116e-05 -2.19174 10.11394 0.7817289829 2.4121625156    0.723  2.113  3.7174  2.005    7  0.000  0.533     0.00     0.00     0.00     0.00     0.00 -1    -1e-30      0.00 7.562e-01 2.437e-01 1.688e-05 4.684e-06 4.222e-05 -1.000 1.000e-04 -0.513 0.747 -0.031 -0.530 -0.709 -0.789 -0.813
9.8116e-05 -2.19174 10.11394 0.7817300558 2.4121629113    0.723  2.146  3.7150  1.963    7  0.000  0.533     0.00     0.00     0.00     0.00     0.00 -1    -1e-30      0.00 7.562e-01 2.437e-01 1.688e-05 4.684e-06 4.222e-05 -1.000 9.991e-05 -0.595 0.691 -0.102 -0.612 -0.795 -0.878 -0.902
9.8116e-05 -2.19174 10.11394 0.7817320824 2.4121636587    0.723  2.147  3.7152  1.963    7  0.000  0.533     0.00     0.00     0.00     0.00     0.00 -1    -1e-30      0.00 7.562e-01 2.437e-01 1.688e-05 4.684e-06 4.222e-05 -1.000 1.000e-04 -0.596 0.688 -0.104 -0.613 -0.796 -0.878 -0.903
9.8116e-05 -2.19174 10.11394 0.7817353606 2.4121648677    0.723  2.136  3.7160  1.977    7  0.000  0.533     0.00     0.00     0.00     0.00     0.00 -1    -1e-30      0.00 7.562e-01 2.437e-01 1.688e-05 4.684e-06 4.222e-05 -1.000 1.000e-04 -0.569 0.706 -0.081 -0.586 -0.767 -0.849 -0.873
9.8116e-05 -2.19174 10.11394 0.7817559242 2.4121724514    0.723  2.150  3.7143  1.956    7  0.000  0.533     0.00     0.00     0.00     0.00     0.00 -1    -1e-30      0.00 7.562e-01 2.437e-01 1.688e-05 4.684e-06 4.222e-05 -1.000 9.993e-05 -0.606 0.688 -0.109 -0.622 -0.807 -0.890 -0.915
9.8116e-05 -2.19174 10.11394 0.7817690969 2.4121773090    0.723  2.186  3.7116  1.909    7  0.000  0.533     0.00     0.00     0.00     0.00     0.00 -1    -1e-30      0.00 7.562e-01 2.437e-01 1.688e-05 4.684e-06 4.222e-05 -1.000 9.991e-05 -0.694 0.629 -0.185 -0.709 -0.899 -0.985 -1.012
9.8116e-05 -2.19174 10.11394 0.7817884684 2.4121844524    0.723  2.238  3.7080  1.843    7  0.000  0.533     0.00     0.00     0.00     0.00     0.00 -1    -1e-30      0.00 7.562e-01 2.437e-01 1.688e-05 4.684e-06 4.222e-05 -1.000 1.000e-04 -0.826 0.540 -0.298 -0.838 -1.035 -1.126 -1.154
9.8116e-05 -2.19174 10.11394 0.7818043232 2.4121902986    0.723  2.281  3.7053  1.789    7  0.000  0.533     0.00     0.00     0.00     0.00     0.00 -1    -1e-30      0.00 7.562e-01 2.437e-01 1.688e-05 4.684e-06 4.222e-05 -1.000 9.999e-05 -0.932 0.467 -0.391 -0.943 -1.144 -1.238 -1.268
9.8116e-05 -2.19174 10.11394 0.7818185091 2.4121955292    0.723  2.323  3.7028  1.737    7  0.000  0.533     0.00     0.00     0.00     0.00     0.00 -1    -1e-30      0.00 7.562e-01 2.437e-01 1.688e-05 4.684e-06 4.222e-05 -1.000 9.999e-05 -1.037 0.395 -0.482 -1.046 -1.252 -1.349 -1.380
9.8116e-05 -2.19174 10.11394 0.7818310857 2.4122001662    0.723  2.364  3.7003  1.686    7  0.000  0.533     0.00     0.00     0.00     0.00     0.00 -1    -1e-30      0.00 7.562e-01 2.437e-01 1.688e-05 4.686e-06 4.222e-05 -1.000 9.999e-05 -1.141 0.321 -0.573 -1.148 -1.359 -1.459 -1.491
9.8116e-05 -2.19174 10.11394 0.7818421721 2.4122042537    0.723  2.406  3.6980  1.635    7  0.000  0.532     0.00     0.00     0.00     0.00     0.00 -1    -1e-30      0.00 7.562e-01 2.437e-01 1.684e-05 4.697e-06 4.222e-05 -1.000 1.000e-04 -1.245 0.250 -0.663 -1.250 -1.465 -1.568 -1.601
9.8116e-05 -2.19174 10.11394 0.7818520069 2.4122078796    0.723  2.448  3.6956  1.584    7  0.000  0.527     0.00     0.00     0.00     0.00     0.00 -1    -1e-30      0.00 7.562e-01 2.437e-01 1.670e-05 4.784e-06 4.222e-05 -1.000 9.999e-05 -1.349 0.178 -0.754 -1.351 -1.571 -1.677 -1.712
9.8116e-05 -2.19174 10.11394 0.7818606496 2.4122110659    0.723  2.489  3.6934  1.534    7  0.000  0.516     0.00     0.00     0.00     0.00     0.00 -1    -1e-30      0.00 7.562e-01 2.437e-01 1.634e-05 5.125e-06 4.222e-05 -1.000 1.000e-04 -1.451 0.108 -0.843 -1.451 -1.675 -1.784 -1.820
9.8116e-05 -2.19174 10.11394 0.7818685770 2.4122139884    0.723  2.530  3.6911  1.484    7  0.000  0.500     6.71     5.36     3.80     2.95     2.38  3    -1e-30      0.00 7.561e-01 2.438e-01 1.582e-05 5.725e-06 4.222e-05 -1.000 9.997e-05 -1.554 0.037 -0.932 -1.552 -1.780 -1.892 -1.929
9.8116e-05 -2.19174 10.11394 0.7818758488 2.4122166692    0.723  2.571  3.6889  1.434    7  0.000  0.482     7.45     5.86     4.14     3.22     2.60  3    -1e-30      0.00 7.560e-01 2.439e-01 1.528e-05 6.382e-06 4.223e-05 -1.000 1.000e-04 -1.656 -0.029 -1.019 -1.651 -1.884 -1.999 -2.037
9.8116e-05 -2.19174 10.11394 0.7818826437 2.4122191741    0.723  2.612  3.6866  1.384    7  0.000  0.467     8.29     6.42     4.52     3.51     2.84  3    -1e-30      0.00 7.557e-01 2.442e-01 1.479e-05 6.984e-06 4.224e-05 -1.000 1.001e-04 -1.759 -0.094 -1.106 -1.750 -1.988 -2.106 -2.146
9.8116e-05 -2.19174 10.11394 0.7818890214 2.4122215252    0.723  2.653  3.6844  1.334    7  0.000  0.454     9.22     7.02     4.92     3.83     3.10  3    -1e-30      0.00 7.555e-01 2.444e-01 1.438e-05 7.500e-06 4.225e-05 -1.000 9.999e-05 -1.861 -0.145 -1.190 -1.850 -2.093 -2.214 -2.255
9.8116e-05 -2.19174 10.11394 0.7818950415 2.4122237444    0.723  2.693  3.6822  1.284    7  0.000  0.442    10.26     7.68     5.36     4.18     3.38  3    -1e-30      0.00 7.552e-01 2.447e-01 1.402e-05 7.945e-06 4.226e-05 -1.000 1.000e-04 -1.964 -0.183 -1.272 -1.952 -2.200 -2.323 -2.365
9.8116e-05 -2.19174 10.11394 0.7819008231 2.4122258756    0.723  2.734  3.6800  1.234    7  0.000  0.433    11.40     8.41     5.84     4.56     3.69  2    -1e-30      0.00 7.550e-01 2.449e-01 1.371e-05 8.330e-06 4.226e-05 -1.000 1.000e-04 -2.066 -0.215 -1.352 -2.053 -2.306 -2.433 -2.476
9.8116e-05 -2.19174 10.11394 0.7819063067 2.4122278970    0.723  2.776  3.6777  1.184    7  0.000  0.424    12.70     9.21     6.38     4.98     4.03  2    -1e-30      0.00 7.547e-01 2.452e-01 1.343e-05 8.667e-06 4.224e-05 -1.000 1.000e-04 -2.170 -0.239 -1.430 -2.154 -2.414 -2.543 -2.588
9.8116e-05 -2.19174 10.11394 0.7819111943 2.4122296986    0.723  2.818  3.6754  1.133    7  0.000  0.417    14.17    10.11     6.97     5.45     4.42  2    -1e-30      0.00 7.544e-01 2.455e-01 1.319e-05 8.968e-06 4.219e-05 -1.000 9.999e-05 -2.275 -0.256 -1.506 -2.257 -2.523 -2.656 -2.702
9.8116e-05 -2.19174 10.11394 0.7819152474 2.4122311926    0.723  2.859  3.6731  1.082    7  0.000  0.411    15.78    11.07     7.60     5.96     4.82  2    -1e-30      0.00 7.542e-01 2.457e-01 1.300e-05 9.228e-06 4.212e-05 -1.000 9.996e-05 -2.377 -0.266 -1.578 -2.356 -2.629 -2.766 -2.813
9.8116e-05 -2.19174 10.11394 0.7819186449 2.4122324449    0.723  2.900  3.6708  1.032    7  0.000  0.407    17.55    12.12     8.29     6.50     5.27  2    -1e-30      0.00 7.539e-01 2.460e-01 1.283e-05 9.473e-06 4.203e-05 -1.000 9.996e-05 -2.479 -0.269 -1.647 -2.455 -2.735 -2.875 -2.924
9.8116e-05 -2.19174 10.11394 0.7819215059 2.4122334995    0.723  2.937  3.6686  0.986    7  0.000  0.404    19.37    13.18     8.98     7.05     5.71  2    -1e-30      0.00 7.537e-01 2.462e-01 1.269e-05 9.702e-06 4.190e-05 -1.000 8.725e-05 -2.573 -0.262 -1.706 -2.545 -2.833 -2.976 -3.026
9.8116e-05 -2.19174 10.11394 0.7819244862 2.4122345980    0.723  2.977  3.6663  0.937    7  0.000  0.402    21.48    14.39     9.76     7.68     6.22  1    -1e-30      0.00 7.534e-01 2.465e-01 1.258e-05 9.930e-06 4.176e-05 -1.000 9.713e-05 -2.672 -0.242 -1.763 -2.638 -2.934 -3.082 -3.134
9.8116e-05 -2.19174 10.11394 0.7819269896 2.4122355208    0.723  3.014  3.6641  0.892    7  0.000  0.400    23.67    15.62    10.56     8.32     6.74  1    -1e-30      0.00 7.532e-01 2.467e-01 1.250e-05 1.013e-05 4.163e-05 -1.000 1.000e-04 -2.764 -0.216 -1.813 -2.724 -3.030 -3.182 -3.235
9.8116e-05 -2.19174 10.11394 0.7819296718 2.4122365094    0.723  3.055  3.6617  0.841    7  0.000  0.399    26.39    17.13    11.53     9.09     7.37  1    -1e-30      0.00 7.529e-01 2.470e-01 1.240e-05 1.040e-05 4.144e-05 -1.000 1.000e-04 -2.867 -0.177 -1.863 -2.820 -3.137 -3.293 -3.348
9.8116e-05 -2.19174 10.11394 0.7819298506 2.4122365753    0.723  3.068  3.6609  0.825    7  0.000  0.399    27.30    17.63    11.85     9.35     7.58  1    -1e-30      0.00 7.529e-01 2.470e-01 1.240e-05 1.041e-05 4.144e-05 -1.000 1.000e-04 -2.899 -0.160 -1.877 -2.849 -3.170 -3.328 -3.383
9.8116e-05 -2.19174 10.11394 0.7819300294 2.4122366412    0.723  3.088  3.6596  0.799    7  0.000  0.399    28.83    18.46    12.39     9.78     7.93  1    -1e-30      0.00 7.529e-01 2.470e-01 1.239e-05 1.044e-05 4.142e-05 -1.000 9.996e-05 -2.950 -0.132 -1.898 -2.895 -3.222 -3.383 -3.439
9.8116e-05 -2.19174 10.11394 0.7819302082 2.4122367071    0.723  3.117  3.6578  0.763    7  0.000  0.398    31.14    19.71    13.19    10.42     8.45  1    -1e-30      0.00 7.525e-01 2.474e-01 1.226e-05 1.088e-05 4.109e-05 -1.000 9.996e-05 -3.022 -0.098 -1.928 -2.960 -3.296 -3.461 -3.518
9.8116e-05 -2.19174 10.11394 0.7819303870 2.4122367730    0.723  3.150  3.6557  0.722    7  0.000  0.397    33.99    21.23    14.16    11.20     9.08  1    -1e-30      0.00 7.521e-01 2.478e-01 1.215e-05 1.128e-05 4.079e-05 -1.000 9.996e-05 -3.104 -0.098 -1.973 -3.032 -3.376 -3.546 -3.605
9.8116e-05 -2.19174 10.11394 0.7819306254 2.4122368609    0.723  3.187  3.6533  0.675    7  0.000  0.397    37.56    23.11    15.35    12.16     9.86  1    -1e-30      0.00 7.517e-01 2.482e-01 1.206e-05 1.164e-05 4.051e-05 -1.000 1.000e-04 -3.197 -0.096 -2.022 -3.114 -3.468 -3.642 -3.704
9.8116e-05 -2.19174 10.11394 0.7819309831 2.4122369927    0.723  3.220  3.6511  0.633    7  0.000  0.397    41.07    24.93    16.50    13.09    10.62  1    -1e-30      0.00 7.514e-01 2.485e-01 1.199e-05 1.191e-05 4.030e-05 -1.000 9.653e-05 -3.280 -0.093 -2.065 -3.186 -3.550 -3.728 -3.792
9.8116e-05 -2.19174 10.11394 0.7819313407 2.4122371245    0.723  3.237  3.6479  0.603    8  0.519  0.410    43.80    26.33    17.38    13.80    11.20  1 -4.43e-07      0.00 7.512e-01 2.486e-01 1.251e-05 1.207e-05 4.069e-05 -1.000 1.513e-04 -3.323 -0.033 -2.057 -3.213 -3.588 -3.774 -3.839
9.8116e-05 -2.19174 10.11394 0.7819314003 2.4122371465    0.721  3.015  3.6618  0.880    8  0.519  0.410    24.25    15.94    10.77     8.48     6.88  1 -1.82e-07      0.00 7.512e-01 2.486e-01 1.251e-05 1.207e-05 4.069e-05 -1.000 1.513e-04 -2.767 -0.106 -1.774 -2.721 -3.035 -3.191 -3.245
9.8116e-05 -2.19174 10.11394 0.7819315195 2.4122371905    0.718  2.855  3.6714  1.076    8  0.520  0.410    15.95    11.17     7.67     6.01     4.87  2 -1.02e-07      0.00 7.512e-01 2.486e-01 1.251e-05 1.207e-05 4.069e-05 -1.000 1.513e-04 -2.368 -0.194 -1.548 -2.345 -2.622 -2.761 -2.810
9.8116e-05 -2.19174 10.11394 0.7819316983 2.4122372564    0.712  2.635  3.6846  1.346    8  0.520  0.410     8.95     6.85     4.80     3.74     3.02  3 -4.98e-08      0.00 7.512e-01 2.486e-01 1.251e-05 1.207e-05 4.069e-05 -1.000 1.513e-04 -1.817 -0.106 -1.148 -1.806 -2.049 -2.169 -2.210
9.8116e-05 -2.19174 10.11394 0.7819319963 2.4122373662    0.705  2.637  3.6842  1.338    8  0.520  0.410     9.08     6.93     4.86     3.79     3.06  3 -5.07e-08      0.00 7.512e-01 2.486e-01 1.251e-05 1.207e-05 4.069e-05 -1.000 1.513e-04 -1.824 -0.103 -1.151 -1.813 -2.056 -2.177 -2.218
9.8116e-05 -2.19174 10.11394 0.7819323540 2.4122374980    0.695  2.707  3.6798  1.244    8  0.520  0.410    11.05     8.18     5.69     4.44     3.60  2 -6.43e-08      0.00 7.512e-01 2.486e-01 1.251e-05 1.207e-05 4.069e-05 -1.000 1.513e-04 -1.998 -0.143 -1.283 -1.985 -2.238 -2.365 -2.408
9.8116e-05 -2.19174 10.11394 0.7819327712 2.4122376518    0.684  2.893  3.6683  1.006    8  0.520  0.410    18.31    12.54     8.55     6.73     5.45  1 -1.24e-07      0.00 7.512e-01 2.486e-01 1.251e-05 1.207e-05 4.069e-05 -1.000 1.513e-04 -2.462 -0.148 -1.594 -2.433 -2.721 -2.865 -2.915
9.8116e-05 -2.19174 10.11394 0.7819332480 2.4122378276    0.671  3.063  3.6577  0.785    8  0.521  0.410    29.23    18.59    12.45     9.86     7.99  1 -2.41e-07      0.00 7.512e-01 2.486e-01 1.251e-05 1.207e-05 4.069e-05 -1.000 1.514e-04 -2.887 0.024 -1.797 -2.825 -3.159 -3.324 -3.382
9.8116e-05 -2.19174 10.11394 0.7819337845 2.4122380253    0.656  3.174  3.6507  0.636    8  0.521  0.410    40.07    24.22    16.02    12.74    10.33  1 -3.92e-07      0.00 7.512e-01 2.486e-01 1.251e-05 1.207e-05 4.069e-05 -1.000 1.513e-04 -3.165 0.031 -1.945 -3.070 -3.434 -3.614 -3.677
9.8116e-05 -2.19174 10.11394 0.7819344401 2.4122382670    0.640  3.232  3.6468  0.551    8  0.521  0.410    47.81    28.04    18.41    14.69    11.91  1 -5.21e-07      0.00 7.512e-01 2.486e-01 1.251e-05 1.207e-05 4.069e-05 -1.000 1.514e-04 -3.311 0.046 -2.013 -3.193 -3.575 -3.764 -3.831
9.8116e-05 -2.19174 10.11394 0.7819351554 2.4122385306    0.622  3.257  3.6449  0.507    8  0.522  0.410    52.31    30.16    19.73    15.78    12.79  1 -6.05e-07      0.00 7.512e-01 2.486e-01 1.251e-05 1.207e-05 4.069e-05 -1.000 1.514e-04 -3.372 0.066 -2.034 -3.244 -3.635 -3.828 -3.896
9.8116e-05 -2.19174 10.11394 0.7819359303 2.4122388162    0.604  3.267  3.6438  0.479    8  0.522  0.410    55.23    31.45    20.52    16.44    13.33  0 -6.63e-07      0.00 7.512e-01 2.486e-01 1.251e-05 1.207e-05 4.069e-05 -1.000 1.514e-04 -3.398 0.088 -2.033 -3.262 -3.659 -3.855 -3.924
9.8116e-05 -2.19174 10.11394 0.7819391489 2.4122400025    0.523 -9.999  4.0000  1.897    9  0.524  0.000     0.00     0.00     0.00     0.00     0.00 -1    -1e-30      0.00 7.512e-01 2.486e-01 1.251e-05 1.207e-05 4.069e-05 -1.000 1.514e-04 29.767 30.115 29.976 30.253 30.481 30.559 30.648
#isochrone terminated
